Layer 0
 	Weights: [-0.5226758458764698, -2.208323239593204, -0.6679376449430209, -0.13754843304840808, 1.2570455905672115, 1.6151949419976601, 1.3494476075801354]; Output: 0.14848336190620376; Delta: 0.0087707923406799
 	Weights: [-0.43808939690786997, -2.244434242550269, 0.5245450202835841, 0.9749021872269591, 1.0222429287092851, 0.5554015534448687, -0.36057289304987955]; Output: 0.15078652133409337; Delta: 0.0026343202055624172
 	Weights: [0.14596932521205724, 1.1735431161114038, 0.6230212304132721, -0.1712228670101512, -0.07327313116923048, 0.03194023208388697, 1.3182793598189624]; Output: 0.9559220746498657; Delta: -0.0005582602484591498
 	Weights: [0.5164406074811991, -0.7322651865921275, -0.10221249783312433, 1.125026204061942, 1.660518459012527, -0.6740320682276284, 0.05230835731443411]; Output: 0.589764425209304; Delta: 0.0013634618454777953
Layer 1
 	Weights: [2.6148871294560045, 1.095512760367315, -0.6139575757211083, 0.23484623949123276, -1.6942738888078603]; Output: 0.16949510993189315; Delta: 0.023222959904218857

LOSS = 376.96585508773796