Layer 0
 	Weights: [-0.31433121135058595, -0.9802648221532787, -0.3646391155267977, -0.0020041192376498256, 1.5993672231964424, 1.4250422490399932, -0.3597425838391241]; Output: 0.1500851881109509; Delta: 0.0052346319872614185
 	Weights: [-0.31433121135058595, -0.9802648221532787, -0.3646391155267977, -0.0020041192376498256, 1.5993672231964424, 1.4250422490399932, -0.3597425838391241]; Output: 0.1500851881109509; Delta: 0.0052346319872614185
Layer 1
 	Weights: [2.078732488302291, 2.078732488302291, -2.486903954252588]; Output: 0.13436189719736158; Delta: 0.01747612618465983

LOSS = 352.54622313819334