Layer 0
 	Weights: [-1.023998745294837, -0.0639533740478294, -0.18839045091466913, -0.2330997079573766, -2.343999489141664, -1.034972146503579, 0.08094762023695766]; Output: 0.2145518600644614; Delta: 0.0018993137697797665
 	Weights: [0.48893762333724894, -0.09326745746901054, 0.8052666661676054, -0.7537272639596957, 0.0077156940325552965, 0.2803360991523356, 0.5454930864270883]; Output: 1.532621000036757; Delta: -0.006423183080927521
 	Weights: [0.23420773942037304, -0.8286536840602896, 0.48641567508755823, 1.2272136461218832, -0.19544595514995164, -3.259306198879134, 1.4774414840682746]; Output: 1.8926237172954061; Delta: -0.005112081877893752
 	Weights: [1.36030235035009, -0.5348806287121085, -0.6612976642199812, 0.5989259194618826, 1.7004963155306896, 1.1642194989567902, -0.42896935200594455]; Output: 0.8003594710482521; Delta: 0.004954839126669461
Layer 1
 	Weights: [0.7283030607947295, -0.516654435937529, -0.4617452052127304, 0.6079934957335587, -1.0638148430887162]; Output: 0.11698045316798782; Delta: 0.015028554265517259

LOSS = 583.303636801342