Layer 0
 	Weights: [1.1455045304109384, 2.2987092668058606, 1.0250357832690187, 0.3399884548365861, 1.4860465921343364, -1.4638748510196165, 0.2276945679925052]; Output: 4.55991248637071; Delta: -0.013222874097775597
 	Weights: [0.0027882406774350004, 0.004922905233678964, 0.7320381710890084, -0.395634911098641, 1.2397743988731043, 0.5845289380209706, 0.56952687949498]; Output: 1.4342884880787308; Delta: 0.01715288451498674
Layer 1
 	Weights: [-0.6937162475021301, 1.1060065551439062, -0.5453061564283552]; Output: 0.11311506895510018; Delta: 0.019285231735667555

LOSS = 752.061911482191