Layer 0
 	Weights: [0.0, 0.0, 0.0, 0.0, 0.0, 0.0, 0.0]; Output: 0.0; Delta: 0.0
 	Weights: [0.0, 0.0, 0.0, 0.0, 0.0, 0.0, 0.0]; Output: 0.0; Delta: 0.0
Layer 1
 	Weights: [0.0, 0.0, 0.3097044383209319]; Output: 0.3001681897191415; Delta: 0.2669328147088386

LOSS = 1942.9921525586476